Results for /mnt/code/checkpoints/track_finder_unet_clean.h5...
--- Raw Residuals (Before Refinement, all events) ---
Det |  μ+ mean  |  μ+ std   |  μ- mean  |  μ- std
  1 |   26.427 |   24.705 |   30.485 |   25.760
  2 |   26.196 |   24.112 |   32.137 |   25.867
  3 |   17.787 |   17.414 |   41.974 |   28.138
  4 |   17.047 |   17.117 |   41.023 |   28.186
  5 |   14.190 |   16.648 |   20.757 |   21.387
  6 |   14.354 |   16.755 |   20.326 |   20.722
 13 |    8.340 |   11.947 |    8.920 |   11.536
 14 |    8.889 |   12.079 |    8.455 |   11.067
 15 |   11.527 |   13.723 |    6.381 |   10.560
 16 |   11.780 |   13.384 |    6.226 |   10.607
 17 |   17.186 |   17.194 |   18.146 |   20.920
 18 |   15.708 |   16.640 |   16.797 |   20.252
 19 |   29.353 |   41.952 |   19.836 |   27.293
 20 |   28.681 |   41.965 |   15.740 |   23.334
 21 |   33.529 |   38.016 |   10.172 |   19.034
 22 |   33.368 |   38.232 |   10.815 |   20.491
 23 |   22.531 |   42.628 |   22.027 |   28.226
 24 |   20.983 |   42.215 |   23.178 |   28.416
 25 |   28.709 |   47.284 |   23.611 |   26.315
 26 |   25.677 |   45.697 |   24.334 |   26.407
 27 |   29.523 |   43.660 |   18.661 |   21.977
 28 |   25.966 |   42.231 |   19.547 |   21.904
 29 |   37.201 |   44.155 |   13.326 |   19.371
 30 |   35.697 |   43.991 |   15.611 |   21.707
 31 |    3.087 |    4.960 |    2.816 |    3.923
 32 |    3.090 |    5.166 |    3.142 |    4.336
 33 |    2.393 |    3.599 |    6.570 |    5.617
 34 |    6.121 |    5.712 |    1.765 |    2.474
 35 |    1.892 |    2.512 |    3.238 |    5.554
 36 |    3.112 |    5.245 |    1.835 |    2.403
 37 |    4.186 |    5.307 |    1.196 |    1.957
 38 |    2.959 |    5.030 |    1.850 |    2.418
 39 |    4.753 |    5.867 |    1.101 |    1.875
 40 |    3.423 |    5.512 |    1.998 |    2.536
 41 |    1.586 |    2.094 |    2.967 |    4.231
 42 |    4.327 |    5.480 |    1.604 |    2.034
 43 |    1.609 |    2.148 |    2.881 |    4.501
 44 |    3.753 |    5.531 |    1.762 |    2.239
 45 |    4.389 |    5.522 |    1.063 |    1.808
 46 |    4.353 |    5.680 |    1.260 |    1.932
 47 |   10.061 |   11.499 |    5.936 |    8.278
 48 |    9.871 |   11.390 |    6.379 |    8.747
 49 |    2.691 |    5.048 |    3.512 |    5.579
 50 |    3.124 |    4.935 |    3.066 |    5.108
 51 |    2.736 |    5.363 |    1.096 |    2.736
 52 |    2.889 |    5.364 |    1.391 |    3.273
 53 |   10.933 |   12.703 |    6.532 |    8.945
 54 |   11.264 |   12.520 |    6.457 |    8.873

    Raw μ+ Values  True μ+ Values
0              84             118
1              36             107
2              57             112
3              71             118
4             108             118
5             130             120
6              90             110
7             132             135
8              46             109
9              75             121
10             85             107
11             35             105
12             54             117
13             76              94
14             91             112
15            121             113
16             81             101
17             72             108
18             60             116
19            112             113

Raw μ+ accuracy: 0.5728
Raw μ- accuracy: 0.5637

Raw μ+ distance-based accuracy: 0.6380
Raw μ- distance-based accuracy: 0.6343

--- Refined Residuals (After Refinement, all events) ---
Det |  μ+ mean  |  μ+ std   |  μ- mean  |  μ- std
  1 |   26.427 |   24.705 |   30.485 |   25.760
  2 |   26.196 |   24.112 |   32.137 |   25.867
  3 |   17.787 |   17.414 |   41.974 |   28.138
  4 |   17.047 |   17.117 |   41.023 |   28.186
  5 |   14.190 |   16.648 |   20.757 |   21.387
  6 |   14.354 |   16.755 |   20.326 |   20.722
 13 |    8.340 |   11.947 |    8.920 |   11.536
 14 |    8.889 |   12.079 |    8.455 |   11.067
 15 |   11.527 |   13.723 |    6.381 |   10.560
 16 |   11.780 |   13.384 |    6.226 |   10.607
 17 |   17.186 |   17.194 |   18.146 |   20.920
 18 |   15.708 |   16.640 |   16.797 |   20.252
 19 |   29.353 |   41.952 |   19.836 |   27.293
 20 |   28.681 |   41.965 |   15.740 |   23.334
 21 |   33.529 |   38.016 |   10.172 |   19.034
 22 |   33.368 |   38.232 |   10.815 |   20.491
 23 |   22.531 |   42.628 |   22.027 |   28.226
 24 |   20.983 |   42.215 |   23.178 |   28.416
 25 |   28.709 |   47.284 |   23.611 |   26.315
 26 |   25.677 |   45.697 |   24.334 |   26.407
 27 |   29.523 |   43.660 |   18.661 |   21.977
 28 |   25.966 |   42.231 |   19.547 |   21.904
 29 |   37.201 |   44.155 |   13.326 |   19.371
 30 |   35.697 |   43.991 |   15.611 |   21.707
 31 |    3.087 |    4.960 |    2.816 |    3.923
 32 |    3.090 |    5.166 |    3.142 |    4.336
 33 |    2.393 |    3.599 |    6.570 |    5.617
 34 |    6.121 |    5.712 |    1.765 |    2.474
 35 |    1.892 |    2.512 |    3.238 |    5.554
 36 |    3.112 |    5.245 |    1.835 |    2.403
 37 |    4.186 |    5.307 |    1.196 |    1.957
 38 |    2.959 |    5.030 |    1.850 |    2.418
 39 |    4.753 |    5.867 |    1.101 |    1.875
 40 |    3.423 |    5.512 |    1.998 |    2.536
 41 |    1.586 |    2.094 |    2.967 |    4.231
 42 |    4.327 |    5.480 |    1.604 |    2.034
 43 |    1.609 |    2.148 |    2.881 |    4.501
 44 |    3.753 |    5.531 |    1.762 |    2.239
 45 |    4.389 |    5.522 |    1.063 |    1.808
 46 |    4.352 |    5.679 |    1.260 |    1.932
 47 |   10.061 |   11.499 |    5.936 |    8.278
 48 |    9.871 |   11.390 |    6.379 |    8.747
 49 |    2.691 |    5.048 |    3.512 |    5.579
 50 |    3.124 |    4.935 |    3.066 |    5.108
 51 |    2.736 |    5.363 |    1.096 |    2.736
 52 |    2.889 |    5.364 |    1.391 |    3.273
 53 |   10.933 |   12.703 |    6.532 |    8.945
 54 |   11.264 |   12.520 |    6.457 |    8.873

Refined μ+ accuracy: 0.5728
Refined μ- accuracy: 0.5649

Refined μ+ distance-based accuracy: 0.6380
Refined μ- distance-based accuracy: 0.6346

--- Raw Absolute Residuals (Before Refinement) ---
μ+ mean  |  μ+ std   |  μ- mean  |  μ- std
  10.761 |   23.575 |    8.994 |   17.774

--- Refined Absolute Residuals (After Refinement) ---
μ+ mean  |  μ+ std   |  μ- mean  |  μ- std
  10.761 |   23.575 |    8.991 |   17.774

Results for /mnt/code/checkpoints/track_finder_unet_clean.h5...
--- Raw Residuals (Before Refinement, all events) ---
Det |  μ+ mean  |  μ+ std   |  μ- mean  |  μ- std
  1 |   37.997 |   23.338 |   34.856 |   23.521
  2 |   36.718 |   22.780 |   38.490 |   23.173
  3 |   22.074 |   16.504 |   54.552 |   21.200
  4 |   20.938 |   16.069 |   52.539 |   22.334
  5 |   19.454 |   17.900 |   24.110 |   20.352
  6 |   19.539 |   17.763 |   24.040 |   19.855
 13 |   13.010 |   13.996 |   13.838 |   13.254
 14 |   13.255 |   13.907 |   13.039 |   12.287
 15 |   16.538 |   15.076 |   10.662 |   12.901
 16 |   16.045 |   14.139 |   10.590 |   13.290
 17 |   24.371 |   17.317 |   26.050 |   20.638
 18 |   21.726 |   16.857 |   24.506 |   20.459
 19 |   43.890 |   43.845 |   22.407 |   26.330
 20 |   41.915 |   44.453 |   20.622 |   24.814
 21 |   45.903 |   35.926 |   12.898 |   20.523
 22 |   45.951 |   36.703 |   14.250 |   22.640
 23 |   34.838 |   49.212 |   29.799 |   28.812
 24 |   31.943 |   49.071 |   32.562 |   28.910
 25 |   43.927 |   52.843 |   31.097 |   24.632
 26 |   39.580 |   51.998 |   31.692 |   24.021
 27 |   42.885 |   47.362 |   24.163 |   21.226
 28 |   37.464 |   46.861 |   25.469 |   20.646
 29 |   49.645 |   45.545 |   19.808 |   20.867
 30 |   48.414 |   45.661 |   22.567 |   22.522
 31 |    5.577 |    5.635 |    4.481 |    4.353
 32 |    5.488 |    5.966 |    5.126 |    4.643
 33 |    3.288 |    3.715 |    8.849 |    4.643
 34 |    8.395 |    5.000 |    2.477 |    2.640
 35 |    2.745 |    2.683 |    5.138 |    6.119
 36 |    5.568 |    5.888 |    2.575 |    2.538
 37 |    6.026 |    5.160 |    2.007 |    2.242
 38 |    5.107 |    5.606 |    2.880 |    2.582
 39 |    6.664 |    5.804 |    1.815 |    2.193
 40 |    6.027 |    6.122 |    3.112 |    2.583
 41 |    2.341 |    2.296 |    5.314 |    4.304
 42 |    7.195 |    5.275 |    2.215 |    2.106
 43 |    2.314 |    2.298 |    5.103 |    4.822
 44 |    6.750 |    5.743 |    2.469 |    2.329
 45 |    6.286 |    5.492 |    1.794 |    2.081
 46 |    6.302 |    5.860 |    2.093 |    2.167
 47 |   15.010 |   11.991 |    8.546 |    8.845
 48 |   14.566 |   11.976 |    9.417 |    9.444
 49 |    5.023 |    6.552 |    5.918 |    6.424
 50 |    4.927 |    5.699 |    5.245 |    6.119
 51 |    5.372 |    6.922 |    2.287 |    3.983
 52 |    5.039 |    6.426 |    2.831 |    4.540
 53 |   17.034 |   13.509 |    9.535 |    9.550
 54 |   17.192 |   13.078 |    9.339 |    9.477

    Raw μ+ Values  True μ+ Values
0              54             118
1              49             107
2              77             112
3              57             105
4             122             118
5              67             118
6              46             120
7             102             110
8              93             135
9              91             109
10             70             121
11             60             107
12            108             105
13            112             117
14             62              98
15             65              94
16             80             112
17             47             113
18             99             121
19             90             101

Raw μ+ accuracy: 0.3863
Raw μ- accuracy: 0.3850

Raw μ+ distance-based accuracy: 0.4798
Raw μ- distance-based accuracy: 0.4859

--- Refined Residuals (After Refinement, all events) ---
Det |  μ+ mean  |  μ+ std   |  μ- mean  |  μ- std
  1 |   37.997 |   23.338 |   34.856 |   23.521
  2 |   36.718 |   22.780 |   38.490 |   23.173
  3 |   22.074 |   16.504 |   54.552 |   21.200
  4 |   20.938 |   16.069 |   52.539 |   22.334
  5 |   19.454 |   17.900 |   24.110 |   20.352
  6 |   19.539 |   17.763 |   24.040 |   19.855
 13 |   13.010 |   13.996 |   13.838 |   13.254
 14 |   13.255 |   13.907 |   13.039 |   12.287
 15 |   16.538 |   15.076 |   10.662 |   12.901
 16 |   16.045 |   14.139 |   10.590 |   13.290
 17 |   24.371 |   17.317 |   26.050 |   20.638
 18 |   21.726 |   16.857 |   24.506 |   20.459
 19 |   43.890 |   43.845 |   22.407 |   26.330
 20 |   41.915 |   44.453 |   20.622 |   24.814
 21 |   45.903 |   35.926 |   12.898 |   20.523
 22 |   45.951 |   36.703 |   14.250 |   22.640
 23 |   34.838 |   49.212 |   29.799 |   28.812
 24 |   31.943 |   49.071 |   32.562 |   28.910
 25 |   43.927 |   52.843 |   31.097 |   24.632
 26 |   39.580 |   51.998 |   31.692 |   24.021
 27 |   42.885 |   47.362 |   24.163 |   21.226
 28 |   37.464 |   46.861 |   25.469 |   20.646
 29 |   49.645 |   45.545 |   19.808 |   20.867
 30 |   48.414 |   45.661 |   22.567 |   22.522
 31 |    5.577 |    5.635 |    4.481 |    4.353
 32 |    5.488 |    5.966 |    5.126 |    4.643
 33 |    3.288 |    3.715 |    8.849 |    4.643
 34 |    8.395 |    5.000 |    2.477 |    2.640
 35 |    2.745 |    2.683 |    5.138 |    6.119
 36 |    5.568 |    5.888 |    2.575 |    2.538
 37 |    6.026 |    5.160 |    2.007 |    2.242
 38 |    5.107 |    5.606 |    2.880 |    2.582
 39 |    6.664 |    5.804 |    1.815 |    2.193
 40 |    6.027 |    6.122 |    3.112 |    2.583
 41 |    2.341 |    2.296 |    5.314 |    4.304
 42 |    7.195 |    5.275 |    2.215 |    2.106
 43 |    2.314 |    2.298 |    5.103 |    4.822
 44 |    6.750 |    5.743 |    2.469 |    2.329
 45 |    6.286 |    5.492 |    1.794 |    2.081
 46 |    6.302 |    5.860 |    2.093 |    2.167
 47 |   15.010 |   11.991 |    8.546 |    8.845
 48 |   14.566 |   11.976 |    9.417 |    9.444
 49 |    5.023 |    6.552 |    5.918 |    6.424
 50 |    4.927 |    5.699 |    5.245 |    6.119
 51 |    5.372 |    6.922 |    2.287 |    3.983
 52 |    5.039 |    6.426 |    2.831 |    4.540
 53 |   17.034 |   13.509 |    9.535 |    9.550
 54 |   17.192 |   13.078 |    9.339 |    9.477

Refined μ+ accuracy: 0.3863
Refined μ- accuracy: 0.3852

Refined μ+ distance-based accuracy: 0.4798
Refined μ- distance-based accuracy: 0.4859

--- Raw Absolute Residuals (Before Refinement) ---
μ+ mean  |  μ+ std   |  μ- mean  |  μ- std
  15.573 |   27.148 |   12.113 |   19.261

--- Refined Absolute Residuals (After Refinement) ---
μ+ mean  |  μ+ std   |  μ- mean  |  μ- std
  15.573 |   27.148 |   12.112 |   19.261


Results for /mnt/code/checkpoints/track_finder_unet.h5...
--- Raw Residuals (Before Refinement, all events) ---
Det |  μ+ mean  |  μ+ std   |  μ- mean  |  μ- std
  1 |    1.142 |    3.723 |    0.967 |    3.105
  2 |    1.134 |    3.631 |    0.969 |    3.200
  3 |    0.898 |    2.927 |    0.854 |    2.850
  4 |    0.906 |    2.964 |    0.861 |    2.870
  5 |    1.131 |    3.585 |    1.069 |    3.116
  6 |    1.144 |    3.665 |    1.066 |    3.142
 13 |    0.343 |    1.812 |    0.333 |    1.479
 14 |    0.360 |    2.015 |    0.338 |    1.481
 15 |    0.275 |    1.445 |    0.243 |    1.217
 16 |    0.272 |    1.428 |    0.239 |    1.192
 17 |    0.335 |    1.654 |    0.315 |    1.570
 18 |    0.340 |    1.684 |    0.321 |    1.639
 19 |    0.628 |    6.593 |    0.332 |    2.594
 20 |    0.645 |    6.770 |    0.332 |    2.647
 21 |    0.627 |    6.789 |    0.271 |    2.160
 22 |    0.596 |    6.634 |    0.271 |    2.172
 23 |    0.759 |    7.879 |    0.457 |    3.556
 24 |    0.806 |    8.125 |    0.465 |    3.675
 25 |    0.973 |    9.620 |    0.394 |    3.469
 26 |    0.868 |    9.000 |    0.386 |    3.449
 27 |    0.745 |    7.728 |    0.241 |    2.166
 28 |    0.694 |    7.395 |    0.229 |    2.063
 29 |    0.733 |    7.471 |    0.324 |    2.652
 30 |    0.730 |    7.431 |    0.321 |    2.623
 31 |    0.176 |    1.101 |    0.138 |    0.950
 32 |    0.174 |    1.102 |    0.150 |    1.017
 33 |    0.626 |    2.191 |    0.168 |    1.325
 34 |    0.432 |    2.089 |    0.298 |    1.394
 35 |    0.275 |    0.858 |    0.009 |    0.315
 36 |    0.010 |    0.320 |    0.165 |    0.691
 37 |    0.134 |    1.058 |    0.060 |    0.455
 38 |    0.138 |    1.056 |    0.069 |    0.503
 39 |    0.138 |    1.186 |    0.043 |    0.320
 40 |    0.140 |    1.165 |    0.048 |    0.365
 41 |    0.214 |    0.713 |    0.004 |    0.197
 42 |    0.008 |    0.264 |    0.126 |    0.550
 43 |    0.212 |    0.722 |    0.004 |    0.197
 44 |    0.005 |    0.223 |    0.131 |    0.580
 45 |    0.127 |    1.103 |    0.046 |    0.357
 46 |    0.134 |    1.125 |    0.052 |    0.407
 47 |    0.525 |    2.145 |    0.459 |    2.064
 48 |    0.531 |    2.217 |    0.463 |    2.109
 49 |    0.136 |    0.889 |    0.121 |    0.803
 50 |    0.135 |    0.908 |    0.116 |    0.804
 51 |    0.154 |    1.226 |    0.133 |    0.932
 52 |    0.168 |    1.294 |    0.133 |    0.912
 53 |    0.619 |    2.508 |    0.532 |    2.301
 54 |    0.637 |    2.602 |    0.551 |    2.415

    Raw μ+ Values  True μ+ Values
0             132             135
1             116             112
2             120             119
3             106              89
4             109             110
5             124             122
6              94              91
7             116             112
8             106             108
9             112             111
10            102             104
11            118             125
12            109             108
13             98             135
14            109             115
15            117             119
16            131             130
17            125             121
18             95              83
19            120             117

Raw μ+ accuracy: 0.9312
Raw μ- accuracy: 0.9338

Raw μ+ distance-based accuracy: 0.9693
Raw μ- distance-based accuracy: 0.9730

--- Refined Residuals (After Refinement, all events) ---
Det |  μ+ mean  |  μ+ std   |  μ- mean  |  μ- std
  1 |    1.142 |    3.723 |    0.967 |    3.105
  2 |    1.134 |    3.631 |    0.969 |    3.200
  3 |    0.898 |    2.927 |    0.854 |    2.850
  4 |    0.906 |    2.964 |    0.861 |    2.870
  5 |    1.131 |    3.585 |    1.069 |    3.116
  6 |    1.144 |    3.665 |    1.066 |    3.142
 13 |    0.343 |    1.812 |    0.333 |    1.479
 14 |    0.361 |    2.029 |    0.338 |    1.481
 15 |    0.275 |    1.445 |    0.243 |    1.217
 16 |    0.272 |    1.428 |    0.239 |    1.192
 17 |    0.335 |    1.654 |    0.314 |    1.566
 18 |    0.340 |    1.684 |    0.321 |    1.639
 19 |    0.628 |    6.593 |    0.332 |    2.594
 20 |    0.645 |    6.770 |    0.332 |    2.647
 21 |    0.627 |    6.789 |    0.271 |    2.160
 22 |    0.596 |    6.634 |    0.271 |    2.172
 23 |    0.759 |    7.879 |    0.457 |    3.556
 24 |    0.806 |    8.125 |    0.465 |    3.675
 25 |    0.973 |    9.620 |    0.394 |    3.469
 26 |    0.868 |    9.000 |    0.386 |    3.449
 27 |    0.745 |    7.728 |    0.241 |    2.166
 28 |    0.694 |    7.395 |    0.229 |    2.063
 29 |    0.733 |    7.471 |    0.324 |    2.652
 30 |    0.730 |    7.431 |    0.321 |    2.623
 31 |    0.176 |    1.101 |    0.138 |    0.950
 32 |    0.174 |    1.102 |    0.150 |    1.017
 33 |    0.626 |    2.191 |    0.168 |    1.325
 34 |    0.432 |    2.089 |    0.298 |    1.394
 35 |    0.275 |    0.858 |    0.009 |    0.315
 36 |    0.010 |    0.320 |    0.165 |    0.691
 37 |    0.134 |    1.058 |    0.060 |    0.455
 38 |    0.138 |    1.056 |    0.069 |    0.503
 39 |    0.138 |    1.186 |    0.043 |    0.325
 40 |    0.140 |    1.165 |    0.048 |    0.365
 41 |    0.214 |    0.713 |    0.004 |    0.197
 42 |    0.008 |    0.264 |    0.126 |    0.550
 43 |    0.212 |    0.722 |    0.004 |    0.197
 44 |    0.005 |    0.223 |    0.131 |    0.580
 45 |    0.127 |    1.103 |    0.046 |    0.357
 46 |    0.134 |    1.125 |    0.052 |    0.407
 47 |    0.525 |    2.145 |    0.459 |    2.064
 48 |    0.531 |    2.217 |    0.463 |    2.109
 49 |    0.136 |    0.889 |    0.121 |    0.803
 50 |    0.135 |    0.908 |    0.116 |    0.804
 51 |    0.154 |    1.226 |    0.133 |    0.932
 52 |    0.168 |    1.294 |    0.133 |    0.912
 53 |    0.619 |    2.508 |    0.531 |    2.301
 54 |    0.637 |    2.602 |    0.551 |    2.415

Refined μ+ accuracy: 0.9312
Refined μ- accuracy: 0.9383

Refined μ+ distance-based accuracy: 0.9693
Refined μ- distance-based accuracy: 0.9734

--- Raw Absolute Residuals (Before Refinement) ---
μ+ mean  |  μ+ std   |  μ- mean  |  μ- std
   0.394 |    3.753 |    0.273 |    1.860

--- Refined Absolute Residuals (After Refinement) ---
μ+ mean  |  μ+ std   |  μ- mean  |  μ- std
   0.394 |    3.753 |    0.267 |    1.868

Results for /mnt/code/checkpoints/track_finder_unet.h5...
--- Raw Residuals (Before Refinement, all events) ---
Det |  μ+ mean  |  μ+ std   |  μ- mean  |  μ- std
  1 |    2.289 |    4.968 |    2.058 |    4.343
  2 |    2.355 |    5.061 |    2.084 |    4.389
  3 |    1.958 |    4.375 |    1.834 |    3.950
  4 |    1.991 |    4.365 |    1.848 |    3.971
  5 |    2.336 |    4.739 |    2.161 |    4.197
  6 |    2.322 |    4.732 |    2.162 |    4.221
 13 |    0.740 |    2.219 |    0.741 |    2.301
 14 |    0.747 |    2.261 |    0.768 |    2.365
 15 |    0.591 |    2.001 |    0.547 |    1.891
 16 |    0.580 |    2.021 |    0.563 |    1.961
 17 |    0.792 |    2.718 |    0.670 |    2.189
 18 |    0.772 |    2.603 |    0.664 |    2.136
 19 |    2.054 |   12.687 |    0.818 |    3.991
 20 |    1.972 |   12.341 |    0.868 |    4.168
 21 |    1.963 |   12.333 |    0.657 |    3.587
 22 |    2.011 |   12.549 |    0.668 |    3.638
 23 |    2.332 |   14.475 |    1.081 |    5.472
 24 |    2.389 |   14.732 |    1.075 |    5.529
 25 |    2.571 |   15.629 |    0.995 |    5.431
 26 |    2.420 |   15.104 |    0.977 |    5.325
 27 |    1.903 |   12.539 |    0.630 |    3.508
 28 |    1.708 |   11.723 |    0.626 |    3.487
 29 |    1.899 |   12.333 |    0.773 |    4.073
 30 |    1.882 |   12.196 |    0.775 |    4.033
 31 |    0.437 |    1.965 |    0.344 |    1.618
 32 |    0.444 |    1.938 |    0.367 |    1.695
 33 |    1.225 |    2.999 |    0.292 |    1.731
 34 |    0.892 |    2.940 |    0.569 |    1.894
 35 |    0.544 |    1.151 |    0.007 |    0.282
 36 |    0.008 |    0.286 |    0.351 |    1.016
 37 |    0.352 |    1.835 |    0.158 |    0.790
 38 |    0.357 |    1.824 |    0.164 |    0.799
 39 |    0.392 |    2.101 |    0.105 |    0.545
 40 |    0.397 |    2.091 |    0.115 |    0.561
 41 |    0.437 |    1.000 |    0.001 |    0.094
 42 |    0.005 |    0.210 |    0.286 |    0.833
 43 |    0.438 |    1.015 |    0.001 |    0.094
 44 |    0.003 |    0.181 |    0.297 |    0.878
 45 |    0.350 |    1.951 |    0.117 |    0.593
 46 |    0.344 |    1.907 |    0.119 |    0.598
 47 |    1.234 |    3.479 |    1.147 |    3.364
 48 |    1.234 |    3.498 |    1.149 |    3.393
 49 |    0.332 |    1.467 |    0.274 |    1.229
 50 |    0.323 |    1.461 |    0.288 |    1.266
 51 |    0.360 |    1.692 |    0.297 |    1.343
 52 |    0.390 |    1.743 |    0.308 |    1.393
 53 |    1.516 |    4.188 |    1.302 |    3.803
 54 |    1.479 |    4.063 |    1.304 |    3.800

    Raw μ+ Values  True μ+ Values
0             123             107
1             100             105
2             106             105
3             109             120
4             105             109
5             111             121
6             110              98
7             119             112
8             123             121
9             103             101
10             98              99
11             98             103
12            108             110
13            116             119
14             99              91
15            121             122
16            117             121
17            117             118
18            115             109
19            118             112

Raw μ+ accuracy: 0.8639
Raw μ- accuracy: 0.8730

Raw μ+ distance-based accuracy: 0.9322
Raw μ- distance-based accuracy: 0.9397

--- Refined Residuals (After Refinement, all events) ---
Det |  μ+ mean  |  μ+ std   |  μ- mean  |  μ- std
  1 |    2.289 |    4.968 |    2.058 |    4.343
  2 |    2.355 |    5.061 |    2.084 |    4.389
  3 |    1.958 |    4.375 |    1.834 |    3.950
  4 |    1.991 |    4.365 |    1.848 |    3.971
  5 |    2.336 |    4.739 |    2.161 |    4.197
  6 |    2.322 |    4.732 |    2.162 |    4.221
 13 |    0.740 |    2.219 |    0.741 |    2.301
 14 |    0.747 |    2.261 |    0.768 |    2.365
 15 |    0.591 |    2.001 |    0.547 |    1.891
 16 |    0.580 |    2.021 |    0.563 |    1.961
 17 |    0.792 |    2.718 |    0.670 |    2.189
 18 |    0.772 |    2.603 |    0.664 |    2.136
 19 |    2.054 |   12.687 |    0.818 |    3.991
 20 |    1.972 |   12.341 |    0.868 |    4.168
 21 |    1.963 |   12.333 |    0.657 |    3.587
 22 |    2.011 |   12.549 |    0.668 |    3.638
 23 |    2.332 |   14.475 |    1.081 |    5.472
 24 |    2.389 |   14.732 |    1.075 |    5.529
 25 |    2.571 |   15.629 |    0.995 |    5.431
 26 |    2.420 |   15.104 |    0.977 |    5.325
 27 |    1.903 |   12.539 |    0.630 |    3.508
 28 |    1.708 |   11.723 |    0.626 |    3.487
 29 |    1.899 |   12.333 |    0.775 |    4.088
 30 |    1.882 |   12.196 |    0.775 |    4.033
 31 |    0.437 |    1.965 |    0.344 |    1.618
 32 |    0.444 |    1.938 |    0.367 |    1.695
 33 |    1.225 |    2.999 |    0.292 |    1.731
 34 |    0.892 |    2.940 |    0.569 |    1.894
 35 |    0.544 |    1.151 |    0.007 |    0.282
 36 |    0.008 |    0.286 |    0.351 |    1.016
 37 |    0.352 |    1.835 |    0.158 |    0.790
 38 |    0.357 |    1.824 |    0.164 |    0.799
 39 |    0.392 |    2.101 |    0.105 |    0.544
 40 |    0.397 |    2.091 |    0.115 |    0.561
 41 |    0.437 |    1.000 |    0.001 |    0.094
 42 |    0.005 |    0.210 |    0.286 |    0.833
 43 |    0.438 |    1.015 |    0.001 |    0.094
 44 |    0.003 |    0.181 |    0.297 |    0.878
 45 |    0.350 |    1.951 |    0.117 |    0.593
 46 |    0.344 |    1.907 |    0.120 |    0.600
 47 |    1.234 |    3.479 |    1.147 |    3.364
 48 |    1.234 |    3.498 |    1.149 |    3.393
 49 |    0.332 |    1.467 |    0.274 |    1.229
 50 |    0.323 |    1.461 |    0.288 |    1.266
 51 |    0.360 |    1.692 |    0.297 |    1.343
 52 |    0.390 |    1.743 |    0.308 |    1.393
 53 |    1.516 |    4.188 |    1.302 |    3.803
 54 |    1.479 |    4.063 |    1.304 |    3.800

Refined μ+ accuracy: 0.8639
Refined μ- accuracy: 0.8771

Refined μ+ distance-based accuracy: 0.9322
Refined μ- distance-based accuracy: 0.9404

--- Raw Absolute Residuals (Before Refinement) ---
μ+ mean  |  μ+ std   |  μ- mean  |  μ- std
   0.959 |    6.353 |    0.612 |    2.838

--- Refined Absolute Residuals (After Refinement) ---
μ+ mean  |  μ+ std   |  μ- mean  |  μ- std
   0.959 |    6.353 |    0.607 |    2.852
