--- Raw Residuals (Before Refinement, all events) ---
Det |  μ+ mean  |  μ+ std   |  μ- mean  |  μ- std
  1 |    1.121 |    3.467 |    1.120 |    3.835
  2 |    1.115 |    3.444 |    1.133 |    3.837
  3 |    0.967 |    3.032 |    0.983 |    3.264
  4 |    0.960 |    2.989 |    0.975 |    3.255
  5 |    1.132 |    3.513 |    1.050 |    3.112
  6 |    1.140 |    3.549 |    1.054 |    3.098
 13 |    0.431 |    1.913 |    0.408 |    1.869
 14 |    0.438 |    1.937 |    0.403 |    1.847
 15 |    0.363 |    1.704 |    0.335 |    1.619
 16 |    0.367 |    1.710 |    0.331 |    1.614
 17 |    0.443 |    2.018 |    0.409 |    1.960
 18 |    0.442 |    2.028 |    0.420 |    2.029
 19 |    1.342 |   10.675 |    0.412 |    3.039
 20 |    1.376 |   10.874 |    0.409 |    3.039
 21 |    1.178 |    9.894 |    0.335 |    2.576
 22 |    1.210 |   10.097 |    0.335 |    2.581
 23 |    1.402 |   11.496 |    0.512 |    3.863
 24 |    1.373 |   11.369 |    0.523 |    3.906
 25 |    1.276 |   11.039 |    0.609 |    4.384
 26 |    1.263 |   10.953 |    0.584 |    4.256
 27 |    1.028 |    9.223 |    0.355 |    2.732
 28 |    1.033 |    9.237 |    0.344 |    2.654
 29 |    1.170 |    9.969 |    0.409 |    3.100
 30 |    1.121 |    9.717 |    0.408 |    3.073
 31 |    0.251 |    1.612 |    0.326 |    1.701
 32 |    0.406 |    2.131 |    0.222 |    1.363
 33 |    0.601 |    2.305 |    0.163 |    1.297
 34 |    0.390 |    1.974 |    0.432 |    1.753
 35 |    0.268 |    1.325 |    0.011 |    0.349
 36 |    0.011 |    0.328 |    0.229 |    1.101
 37 |    0.177 |    1.338 |    0.112 |    0.662
 38 |    0.247 |    1.631 |    0.085 |    0.557
 39 |    0.179 |    1.451 |    0.072 |    0.506
 40 |    0.209 |    1.580 |    0.060 |    0.403
 41 |    0.153 |    0.773 |    0.005 |    0.208
 42 |    0.007 |    0.242 |    0.135 |    0.660
 43 |    0.171 |    0.867 |    0.003 |    0.158
 44 |    0.007 |    0.241 |    0.144 |    0.714
 45 |    0.192 |    1.494 |    0.067 |    0.454
 46 |    0.260 |    1.784 |    0.063 |    0.421
 47 |    0.538 |    2.628 |    0.527 |    2.636
 48 |    0.535 |    2.622 |    0.523 |    2.608
 49 |    0.216 |    1.195 |    0.214 |    1.200
 50 |    0.217 |    1.208 |    0.219 |    1.215
 51 |    0.259 |    1.504 |    0.259 |    1.391
 52 |    0.263 |    1.508 |    0.261 |    1.432
 53 |    0.650 |    3.112 |    0.639 |    3.143
 54 |    0.646 |    3.127 |    0.644 |    3.180

--- Refined Residuals (After Refinement, all events) ---
Det |  μ+ mean  |  μ+ std   |  μ- mean  |  μ- std
  1 |    1.121 |    3.476 |    1.120 |    3.842
  2 |    1.115 |    3.452 |    1.132 |    3.834
  3 |    0.967 |    3.032 |    0.983 |    3.261
  4 |    0.960 |    2.989 |    0.975 |    3.255
  5 |    1.131 |    3.511 |    1.049 |    3.095
  6 |    1.140 |    3.549 |    1.054 |    3.098
 13 |    0.431 |    1.913 |    0.408 |    1.869
 14 |    0.438 |    1.937 |    0.403 |    1.847
 15 |    0.363 |    1.704 |    0.335 |    1.619
 16 |    0.367 |    1.710 |    0.331 |    1.614
 17 |    0.443 |    2.018 |    0.409 |    1.960
 18 |    0.442 |    2.028 |    0.420 |    2.029
 19 |    1.342 |   10.675 |    0.412 |    3.039
 20 |    1.376 |   10.874 |    0.409 |    3.039
 21 |    1.178 |    9.894 |    0.335 |    2.576
 22 |    1.210 |   10.097 |    0.335 |    2.581
 23 |    1.402 |   11.496 |    0.512 |    3.863
 24 |    1.373 |   11.369 |    0.523 |    3.906
 25 |    1.276 |   11.039 |    0.609 |    4.384
 26 |    1.263 |   10.953 |    0.584 |    4.256
 27 |    1.028 |    9.223 |    0.355 |    2.732
 28 |    1.033 |    9.237 |    0.344 |    2.654
 29 |    1.170 |    9.969 |    0.409 |    3.100
 30 |    1.121 |    9.717 |    0.408 |    3.073
 31 |    0.251 |    1.612 |    0.321 |    1.675
 32 |    0.406 |    2.131 |    0.222 |    1.363
 33 |    0.601 |    2.305 |    0.163 |    1.297
 34 |    0.390 |    1.974 |    0.432 |    1.753
 35 |    0.268 |    1.325 |    0.011 |    0.349
 36 |    0.011 |    0.328 |    0.229 |    1.101
 37 |    0.177 |    1.338 |    0.112 |    0.662
 38 |    0.247 |    1.631 |    0.085 |    0.557
 39 |    0.179 |    1.451 |    0.072 |    0.506
 40 |    0.209 |    1.580 |    0.060 |    0.403
 41 |    0.153 |    0.773 |    0.005 |    0.208
 42 |    0.007 |    0.242 |    0.135 |    0.661
 43 |    0.171 |    0.867 |    0.003 |    0.158
 44 |    0.007 |    0.241 |    0.144 |    0.714
 45 |    0.192 |    1.494 |    0.067 |    0.454
 46 |    0.260 |    1.784 |    0.063 |    0.421
 47 |    0.538 |    2.628 |    0.527 |    2.636
 48 |    0.535 |    2.622 |    0.523 |    2.608
 49 |    0.216 |    1.195 |    0.214 |    1.200
 50 |    0.217 |    1.208 |    0.219 |    1.215
 51 |    0.259 |    1.504 |    0.259 |    1.391
 52 |    0.263 |    1.508 |    0.261 |    1.432
 53 |    0.650 |    3.112 |    0.639 |    3.143
 54 |    0.646 |    3.127 |    0.644 |    3.180

Raw μ+ accuracy: 0.9300
Raw μ- accuracy: 0.9306

Raw μ+ within-2 accuracy: 0.9696
Raw μ- within-2 accuracy: 0.9718

Raw μ+ Chi-squared: 9.220
Raw μ- Chi-squared: 10.510

Refined μ+ accuracy: 0.9300
Refined μ- accuracy: 0.9328

Refined μ+ within-2 accuracy: 0.9696
Refined μ- within-2 accuracy: 0.9718

Refined μ+ Chi-squared: 9.221
Refined μ- Chi-squared: 10.507

--- Raw Absolute Residuals (Before Refinement) ---
μ+ mean  |  μ+ std   |  μ- mean  |  μ- std
   0.508 |    4.912 |    0.330 |    2.219

--- Refined Absolute Residuals (After Refinement) ---
μ+ mean  |  μ+ std   |  μ- mean  |  μ- std
   0.508 |    4.912 |    0.328 |    2.219
