--- Raw Residuals (Before Refinement, all events) ---
Det |  μ+ mean  |  μ+ std   |  μ- mean  |  μ- std
  1 |    1.344 |    3.641 |    1.434 |    3.763
  2 |    1.336 |    3.627 |    1.440 |    3.763
  3 |    1.199 |    3.287 |    1.282 |    3.444
  4 |    1.190 |    3.269 |    1.297 |    3.475
  5 |    1.319 |    3.408 |    1.433 |    3.542
  6 |    1.308 |    3.407 |    1.438 |    3.557
 13 |    0.531 |    2.113 |    0.507 |    2.040
 14 |    0.530 |    2.130 |    0.510 |    2.052
 15 |    0.435 |    1.845 |    0.426 |    1.860
 16 |    0.442 |    1.871 |    0.426 |    1.877
 17 |    0.533 |    2.201 |    0.530 |    2.220
 18 |    0.531 |    2.193 |    0.534 |    2.254
 19 |    1.436 |   10.823 |    0.529 |    3.348
 20 |    1.393 |   10.627 |    0.530 |    3.370
 21 |    1.308 |   10.309 |    0.438 |    2.921
 22 |    1.290 |   10.286 |    0.435 |    2.912
 23 |    1.469 |   11.585 |    0.709 |    4.441
 24 |    1.471 |   11.630 |    0.699 |    4.407
 25 |    1.576 |   12.178 |    0.706 |    4.600
 26 |    1.546 |   12.039 |    0.694 |    4.537
 27 |    1.280 |   10.227 |    0.429 |    2.940
 28 |    1.310 |   10.377 |    0.434 |    2.964
 29 |    1.426 |   10.853 |    0.504 |    3.263
 30 |    1.387 |   10.633 |    0.502 |    3.262
 31 |    0.506 |    2.931 |    0.414 |    1.912
 32 |    0.638 |    2.693 |    0.407 |    1.907
 33 |    1.000 |    2.972 |    0.223 |    1.525
 34 |    0.494 |    2.263 |    0.848 |    2.599
 35 |    0.631 |    2.273 |    0.011 |    0.344
 36 |    0.016 |    0.413 |    0.624 |    2.189
 37 |    0.376 |    2.044 |    0.150 |    0.783
 38 |    0.520 |    2.415 |    0.172 |    0.830
 39 |    0.422 |    2.338 |    0.101 |    0.635
 40 |    0.593 |    2.788 |    0.105 |    0.563
 41 |    0.496 |    1.854 |    0.005 |    0.203
 42 |    0.009 |    0.278 |    0.452 |    1.701
 43 |    0.475 |    1.824 |    0.003 |    0.156
 44 |    0.008 |    0.264 |    0.439 |    1.714
 45 |    0.385 |    2.193 |    0.083 |    0.526
 46 |    0.562 |    2.671 |    0.108 |    0.584
 47 |    0.860 |    3.800 |    0.858 |    3.511
 48 |    0.828 |    3.609 |    0.813 |    3.331
 49 |    0.267 |    1.335 |    0.479 |    2.344
 50 |    0.268 |    1.331 |    0.556 |    2.586
 51 |    0.323 |    1.719 |    0.499 |    2.260
 52 |    0.323 |    1.716 |    0.478 |    2.233
 53 |    0.895 |    3.847 |    1.076 |    4.225
 54 |    0.974 |    4.217 |    1.095 |    4.293

--- Refined Residuals (After Refinement, all events) ---
Det |  μ+ mean  |  μ+ std   |  μ- mean  |  μ- std
  1 |    1.344 |    3.641 |    1.434 |    3.763
  2 |    1.336 |    3.627 |    1.440 |    3.763
  3 |    1.199 |    3.287 |    1.282 |    3.444
  4 |    1.190 |    3.269 |    1.297 |    3.475
  5 |    1.319 |    3.408 |    1.433 |    3.542
  6 |    1.308 |    3.407 |    1.438 |    3.557
 13 |    0.531 |    2.113 |    0.507 |    2.040
 14 |    0.530 |    2.130 |    0.510 |    2.052
 15 |    0.435 |    1.845 |    0.426 |    1.860
 16 |    0.442 |    1.871 |    0.426 |    1.877
 17 |    0.533 |    2.201 |    0.530 |    2.220
 18 |    0.531 |    2.193 |    0.534 |    2.254
 19 |    1.436 |   10.823 |    0.529 |    3.348
 20 |    1.393 |   10.627 |    0.530 |    3.370
 21 |    1.308 |   10.309 |    0.438 |    2.921
 22 |    1.290 |   10.286 |    0.435 |    2.912
 23 |    1.469 |   11.585 |    0.709 |    4.441
 24 |    1.471 |   11.630 |    0.699 |    4.407
 25 |    1.576 |   12.178 |    0.706 |    4.600
 26 |    1.546 |   12.039 |    0.694 |    4.537
 27 |    1.280 |   10.227 |    0.429 |    2.940
 28 |    1.310 |   10.377 |    0.434 |    2.964
 29 |    1.426 |   10.853 |    0.504 |    3.263
 30 |    1.387 |   10.633 |    0.502 |    3.262
 31 |    0.469 |    2.292 |    0.414 |    1.912
 32 |    0.638 |    2.693 |    0.407 |    1.907
 33 |    1.000 |    2.972 |    0.223 |    1.525
 34 |    0.492 |    2.220 |    0.848 |    2.599
 35 |    0.631 |    2.273 |    0.011 |    0.344
 36 |    0.016 |    0.413 |    0.624 |    2.189
 37 |    0.376 |    2.044 |    0.150 |    0.783
 38 |    0.520 |    2.415 |    0.172 |    0.830
 39 |    0.422 |    2.338 |    0.101 |    0.635
 40 |    0.593 |    2.788 |    0.105 |    0.563
 41 |    0.496 |    1.853 |    0.005 |    0.203
 42 |    0.009 |    0.278 |    0.452 |    1.701
 43 |    0.473 |    1.799 |    0.003 |    0.156
 44 |    0.008 |    0.264 |    0.439 |    1.714
 45 |    0.385 |    2.193 |    0.083 |    0.526
 46 |    0.562 |    2.671 |    0.108 |    0.584
 47 |    0.860 |    3.800 |    0.858 |    3.511
 48 |    0.828 |    3.609 |    0.813 |    3.331
 49 |    0.267 |    1.335 |    0.479 |    2.344
 50 |    0.268 |    1.331 |    0.556 |    2.586
 51 |    0.323 |    1.719 |    0.499 |    2.260
 52 |    0.323 |    1.716 |    0.478 |    2.233
 53 |    0.895 |    3.847 |    1.076 |    4.225
 54 |    0.974 |    4.217 |    1.095 |    4.293

Raw μ+ accuracy: 0.9134
Raw μ- accuracy: 0.9080

Raw μ+ within-2 accuracy: 0.9576
Raw μ- within-2 accuracy: 0.9570

Raw μ+ Chi-squared: 13.465
Raw μ- Chi-squared: 15.118

Refined μ+ accuracy: 0.9134
Refined μ- accuracy: 0.9108

Refined μ+ within-2 accuracy: 0.9576
Refined μ- within-2 accuracy: 0.9570

Refined μ+ Chi-squared: 13.356
Refined μ- Chi-squared: 15.115

--- Raw Absolute Residuals (Before Refinement) ---
μ+ mean  |  μ+ std   |  μ- mean  |  μ- std
   0.655 |    5.285 |    0.480 |    2.601

--- Refined Absolute Residuals (After Refinement) ---
μ+ mean  |  μ+ std   |  μ- mean  |  μ- std
   0.654 |    5.280 |    0.477 |    2.601